-6.31448
-3.13256
-3.1476
-5.76827
-3.0031
-5.00346
5.45486
-18.3991
5.99669
6.08608
6.36859
-11.8711
-4.87007
-7.6666
-12.5992
-30.7404
-34.6228
-14.2544
-33.6736
-3.10169
-0.371558
-0.914824
-0.98159
-9.98462
-3.81032
-3.15045
-1.07847
6.26067
-0.941349
-11.6906
-7.58007
-14.6932
-6.5127
-20.6787
-6.63771
-9.47777
-9.2374
-10.7843
-6.87016
-6.07756
2.08581
-1.08257
-1.09923
-4.70708
-6.03726
1.74181
6.15645
-2.35678
-3.20727
-19.5364
-6.16603
-23.6217
-7.24559
-2.68532
-4.5966
-27.2268
-3.93555
6.15622
-10.9214
-6.03744
-10.2371
-11.1297
-18.8076
6.26001
5.65061
-1.63943
-5.73355
-7.77449
-2.17758
-24.4677
-16.8217
-22.3371
1.41762
5.91518
1.65836
5.33848
2.10504
-7.11132
-12.9578
-13.8131
-7.67905
-12.0327
-13.8975
-24.5768
-0.434075
-15.339
-16.773
-4.17183
0.512816
-13.3475
-6.86467
-18.4953
3.99811
-3.77921
-4.83976
3.92463
-16.1525
-6.38876
-0.175922
-7.44571
-14.4802
-18.4517
-14.5225
4.91621
-8.98003
-11.9628
-17.288
-6.15322
-11.4707
-13.8822
-14.302
-20.2162
-17.35
-7.93496
-14.8668
-7.19867
2.11855
-4.45581
1.32173
-0.851222
4.91912
-3.34944
5.91133
-9.80183
-0.893612
-1.25784
-11.364
-11.0197
-12.9608
-13.3727
-6.08683
-7.85075
-1.62433
-5.34416
-3.16724
0.113834
-13.234
-8.38463
-6.44593
-0.710601
-5.87471
-9.38637
1.38102
-1.43596
-8.11647
-3.48329
-24.9645
-22.3106
-4.46173
-11.6339
-10.7036
-5.46101
-14.4487
-10.7076
-2.54545
-8.03597
-4.39055
-6.03122
-3.19037
-5.17461
-5.65711
-13.1363
-2.29671
-12.4994
-10.407
-14.5921
-12.7323
-14.9147
-20.4546
-19.7914
-12.0691
-7.36528
-7.21941
5.46979
-2.78992
2.57368
3.78145
-13.2943
-5.0236
-7.82339
1.01952
4.41469
1.8084
-3.08863
2.47253
2.09813
-23.7076
-9.36535
1.25604
-4.88095
-2.79933
5.86866
2.52708
-3.23885
-7.54594
-2.77863
-7.02148
-1.91673
-5.76509
-0.491525
2.98778
4.77459
-4.66744
-4.41286
-12.7781
-28.6923
-9.6137
-1.79766
-6.91227
0.52651
-3.77599
-0.449823
-8.22406
-0.908375
0.847708
3.12614
1.38728
0.600867
-6.08089
-7.14361
2.45919
-2.82626
3.39485
5.38142
5.90078
2.49538
-7.89103
-13.8395
1.31123
1.52884
1.36796
2.04803
3.84929
2.68066
-9.44349
-5.67827
-10.6095
-0.508769
2.10393
-0.915673
-9.7186
-4.98834
-3.6648
6.2549
5.90045
2.01586
6.5884
6.15803
-11.0248
-3.07718
-3.73038
-1.47099
-3.3336
-7.77537
-9.21334
-6.70841
-11.2777
-4.93622
-9.57979
-13.2311
-9.56901
-7.81059
-19.5805
-14.7763
-7.54787
1.73263
-3.35549
-7.90275
-7.51703
-6.03677
4.7438
1.52192
6.41458
5.67131
6.25463
5.19622
4.80091
5.53548
5.64999
1.58431
-1.30496
-3.42415
-12.9304
-1.09035
-3.88437
-15.5861
-5.28501
-15.2869
-5.08721
-4.03182
-9.98391
-12.2131
-16.238
-14.0557
-16.5805
6.44629
6.29084
6.35345
5.64406
5.9033
6.03025
6.38798
5.40024
5.38247
6.09893
6.0241
3.90728
3.82497
-3.41449
1.58029
3.99086
-3.77965
2.75573
4.31273
-3.57336
-0.325883
-1.43646
-5.60677
-5.85546
-5.55157
-6.4976
-9.00941
-7.15783
-9.71269
-13.0105
-8.95266
-8.48039
-4.86535
-12.5789
-15.432
-15.6938
-7.21984
-12.1687
-8.96303
-11.4626
-16.4419
-24.0556
-18.1664
-11.1087
5.59802
6.28549
6.40099
5.80027
5.54089
6.09988
5.66594
6.46752
4.84755
6.77494
3.3459
3.50143
2.11505
6.78136
-11.7913
4.69272
3.94903
-4.72467
-2.53191
-4.88808
-2.43653
-2.39143
-5.44688
-0.68297
-2.55409
-5.15369
-4.89913
-8.4615
-3.47547
-8.30049
-7.66402
-12.825
-9.84345
-6.61848
-2.62675
-9.46238
-9.27275
-10.3782
-8.16948
-7.19734
-12.7966
-15.1842
-10.4792
-14.87
-16.9279
-10.97
-1.7801
-9.92703
-15.8587
6.3466
6.30154
6.08818
6.79177
6.35031
6.33074
6.04863
6.28976
6.49161
6.3706
6.18649
5.60535
5.74028
5.63809
5.97183
4.38372
4.96288
0.232371
4.11453
3.95261
4.01458
4.27413
5.33435
3.81115
4.68901
4.2738
3.9617
-3.1465
2.95162
0.0561571
2.70172
4.52737
2.10815
1.7412
-4.65813
1.96387
1.84515
0.335578
-12.1264
-3.28617
0.741727
-5.57471
-2.71763
4.08187
-9.64668
-5.21391
-1.29366
0.931765
0.931812
-3.81028
-8.35968
-9.32973
-7.13559
-10.3009
-4.62856
-14.6254
-8.84362
-10.1639
-6.42004
-9.38668
-3.78518
-10.8378
-13.1202
-10.2043
-3.99131
-3.68977
-7.82447
-5.92098
-11.0525
-17.1194
-11.3201
-9.89528
-14.486
-10.4123
-10.3539
-5.39354
-14.2004
-11.9233
-15.9077
5.90583
6.36307
6.12376
4.45083
4.26351
5.40652
-2.82217
2.01777
-2.03501
-4.80066
-2.07644
-8.76579
-11.4181
-8.15053
-7.43242
-5.61337
-9.48356
-0.618862
-9.57097
-10.2428
-10.1218
-10.237
-6.3971
-10.191
-12.5361
-14.9852
-14.7389
-8.88244
-22.2518
6.20774
6.25146
6.43362
6.05726
6.46584
6.19012
4.92615
6.01981
4.63445
3.51913
5.51772
3.70463
2.83661
4.08035
4.36909
4.00099
4.01783
4.29717
3.04552
2.31915
0.780843
3.05382
3.14521
-6.55689
2.1257
0.231818
-2.79569
2.52175
-1.42103
-1.17202
-1.87295
-5.54959
0.285818
0.119009
1.4473
-0.218888
3.29072
1.24765
-11.3816
-9.49997
-0.862176
-5.97441
-1.30565
-6.03314
-10.4336
-8.79422
-6.64416
-10.2339
-8.99828
-14.3011
-4.5755
-11.2225
-6.67389
-5.34263
-9.24034
-0.942364
-6.09254
-11.9477
-3.20912
-3.01593
-14.9065
-12.12
-12.5819
-8.72488
-8.73042
-6.27198
-12.5463
-10.4788
-9.97363
-14.2445
-10.8387
-14.6311
-9.5592
-16.2816
-11.8965
-7.19881
-14.956
-13.709
-4.465
-16.2444
-13.7183
-12.8887
-11.714
-17.5913
-5.42183
-13.6966
-21.285
5.13037
2.53135
2.86926
6.93594
-5.64527
-3.03684
6.16801
2.85529
-9.81909
-4.83779
-1.43958
-2.27644
-1.1392
0.0464069
2.33115
-11.5743
-13.0826
-3.94228
-8.83181
-4.75615
-6.99576
-3.903
-13.4554
-7.14699
-9.09883
-14.2065
-16.6208
-20.9622
6.15044
6.2378
5.74772
4.99084
5.1478
3.62955
2.56792
5.49625
3.75989
4.07139
4.06026
2.83553
2.26717
2.32205
1.05939
-6.13814
-3.49716
-1.51262
4.17479
1.58641
0.60861
-2.13271
-9.84478
-6.72285
-6.77174
-7.8441
1.59814
-0.262971
-2.78623
-12.1495
1.63629
-4.81452
-9.11235
-5.27806
1.5847
-6.97805
-8.69446
-2.66666
-11.6118
-1.77083
-7.53977
-8.43088
-6.62859
-10.3641
-10.9123
-11.2091
-13.9691
-13.0013
-17.5434
-18.3001
-9.94398
-16.3268
-17.3727
-21.413
-17.7808
-16.4383
-23.5234
6.18595
5.78496
6.95692
6.13493
2.02301
5.39049
-2.46838
-0.841764
-4.65326
2.70911
-2.99545
-12.9221
5.59339
0.465145
5.99021
0.808174
0.232558
-2.17143
-2.70524
-5.91695
-8.3859
-13.7198
-8.2962
-4.76061
-11.5361
-18.6645
-19.9612
-7.45431
-17.8555
-5.31908
-10.9463
-6.00715
-4.35264
0.62477
-6.44052
0.522667
6.0212
6.07514
-1.46635
-7.61944
-3.15856
-11.1256
-4.86361
-10.7217
-0.757834
5.80675
-0.834506
-18.9952
1.12458
-3.34179
-9.00697
-6.86045
-7.60704
-11.3419
-0.830277
5.85389
-18.614
-16.063
-9.07804
-10.5311
-24.335
-2.78264
-19.4955
6.06358
-7.79004
-6.60448
-6.66304
-4.31929
-7.66596
-5.07197
-3.45993
-6.3079
6.17684
-9.11976
1.81532
-11.9158
-19.1394
-1.71681
-8.9051
5.05637
-11.2368
-21.3468
-4.41411
6.13259
4.58651
-5.14522
-8.1376
-6.73531
-14.067
-2.68208
-15.1994
-13.3957
1.52269
-3.44759
-14.7002
-19.8727
-13.0611
-10.2261
5.57893
0.756159
-6.47371
5.89089
-9.73793
-10.5589
2.04878
2.68802
1.48848
2.25189
-3.17318
-2.02535
5.04297
0.877245
0.498614
-3.56994
-1.98875
-7.97302
-4.61746
-14.33
-3.12935
2.01748
1.52223
-2.50535
1.20857
-8.74696
-4.677
1.465
1.47681
-21.9619
-18.6128
-19.8441
-4.83709
-7.32931
6.31232
6.0983
-7.33133
-8.36709
-8.7719
-2.29756
-6.14076
-2.67749
-16.0023
-5.53632
-14.5782
-12.776
6.22606
-7.07798
-4.34678
-8.70271
-11.0716
-11.2185
-10.5857
6.14844
1.32933
1.59308
2.33797
-7.63223
-8.02743
-15.7054
-19.3935
-13.1401
-11.4068
-20.1231
6.49375
6.38924
6.32391
6.27389
5.97879
5.175
6.60356
5.6432
6.41456
1.82323
5.16334
5.37896
3.94868
3.34641
3.80162
-1.7398
-0.432405
-3.31624
-5.36052
-1.26766
-7.46345
-6.39373
-7.36546
-11.933
-24.5937
-7.93289
-20.9238
-13.7181
-9.50679
-21.5143
-21.989
5.9749
6.62258
-5.72992
6.24813
6.99063
6.45984
4.85346
5.65757
3.32949
4.18592
-0.723528
-5.06029
-3.99594
-6.44348
-5.6302
-2.48442
-0.948285
-3.72335
-6.6281
-6.00399
-4.66682
0.850858
-12.2677
-0.828708
-3.81847
-5.82147
-13.8143
-18.3594
-12.0267
6.31354
6.13915
6.03582
6.2039
6.19765
5.25602
5.09691
5.17361
5.77102
2.60333
2.20307
-1.0913
1.77258
2.53891
2.53018
1.11797
0.512295
-8.64373
2.98681
-5.92063
-9.06382
-7.4831
-6.13519
-3.90755
-4.36553
-10.1172
-7.38159
-8.43529
-6.12999
-13.6751
-13.3705
-12.4985
-10.847
-14.5822
-19.3381
-15.7765
1.17254
4.07041
-5.25619
-4.68576
-13.5038
-8.7335
5.52324
5.21486
4.91797
5.33065
4.57501
4.0923
3.48382
4.6934
1.4058
3.03725
-1.9934
-2.34606
1.99285
-1.19179
-0.744408
2.29917
-5.36813
-2.5298
-4.96121
-10.3978
-4.48978
-3.76661
-0.162925
-6.78458
-4.10658
-9.55134
-8.62851
-15.1354
-9.90746
-8.25811
-11.8874
-13.6952
-8.72695
-12.0035
-7.7802
-10.9768
-13.972
-15.2834
-14.5826
-16.995
-18.8737
-17.4303
6.0761
4.67994
0.333192
-11.4816
3.0772
-17.5356
3.07026
-3.6182
-6.44101
-2.51684
-10.4042
-10.3553
6.14665
1.2267
3.1583
2.59424
1.8762
2.28895
2.5567
-4.25383
-0.341851
-4.6555
0.0184502
-4.86777
-0.0878968
-4.9892
-4.98129
-8.68015
-13.3629
-9.73722
-7.03479
-7.91123
-12.4262
-17.4988
-16.2801
-9.21653
-12.8371
-15.7652
-26.5546
-9.27482
-12.9614
-12.0064
6.60078
6.45617
7.19412
6.36493
5.19416
6.8146
4.29086
-0.11104
-0.181802
4.06979
-8.34959
-10.5811
-9.49581
1.26198
6.1562
5.56396
5.81237
3.33382
0.069278
-4.5326
-1.02389
-5.5366
-3.03658
-8.31685
-4.12053
-6.64895
-8.04096
-13.2067
