0.998277
0.89831
0.628606
1.14883
0.787618
0.650983
1.4746
-3.32877
0.934551
1.44045
1.36584
1.93647
1.76999
2.13123
0.986698
-2.86774
-7.00844
2.14594
-4.91699
2.34364
1.7882
1.45821
2.57595
-1.14788
1.17259
2.52044
0.458291
1.42735
0.523928
-0.464068
2.65449
-0.109388
1.61602
-1.54555
1.97134
0.677551
2.63375
1.21704
0.180887
0.135337
1.51998
0.924101
1.63337
1.48885
1.35361
1.47675
1.2901
0.962333
0.324261
-2.01081
1.77593
0.703763
1.22122
2.20044
1.41112
-3.84686
1.81594
1.39045
2.7784
2.08038
-1.7616
1.00609
-3.96724
1.73839
1.47506
0.92517
0.647816
0.333815
0.779536
-4.39333
-0.279126
-2.2161
1.08134
1.31775
1.71632
1.6119
0.866748
0.780773
0.75496
0.470554
0.933359
1.92545
1.19451
-5.13352
1.18812
-0.43755
-1.15548
0.739512
1.21474
-1.82833
-0.173224
-2.24445
2.02641
0.694839
0.836844
1.9537
0.376052
1.70604
1.39915
0.51436
0.636045
-1.81888
1.28036
1.98121
0.919962
1.45457
1.01919
1.48569
2.55293
-0.713425
0.56745
1.67494
-0.263649
0.783916
0.409782
1.5902
1.37621
1.40234
2.22958
2.71277
2.87857
1.88255
1.8143
1.78471
2.89399
2.0014
1.08846
0.763058
1.63432
0.740813
2.33942
3.7159
1.47282
1.85824
2.32839
1.11263
-0.843807
0.0121874
-0.218152
1.42899
0.690223
0.1714
2.57345
1.21516
0.382394
1.60684
-1.68761
-2.77976
0.42646
1.14303
0.635463
1.57788
2.01657
1.40326
2.16948
2.26905
0.823791
0.947948
0.90203
1.06762
2.46382
1.10006
1.78068
0.0223671
1.66367
0.541444
0.617346
0.0680968
1.73946
1.80382
-2.23263
0.692567
-0.455606
1.28978
0.808906
0.796189
1.94744
0.322518
1.0359
0.368855
1.29339
2.32824
0.979437
0.309144
0.864648
0.66815
-2.93327
0.0266459
1.40766
1.3088
0.835162
2.00873
1.16756
1.40189
1.79192
2.90371
1.21042
0.772055
0.462841
0.596759
1.88689
1.13642
0.234323
0.761236
-1.03041
-5.72084
0.53354
2.61962
0.0763337
1.58658
0.639575
0.592937
0.808598
-0.0423452
1.28186
3.32812
1.73365
0.53276
0.50158
0.512324
1.82069
1.81488
1.64313
2.23915
2.00997
0.995375
-2.34318
-0.922077
1.48418
1.30754
2.25469
0.962158
1.21242
1.06466
-1.89657
1.41517
-2.60395
1.15131
0.761018
-0.267513
-1.83979
1.61577
1.18917
1.53212
1.23385
1.16038
1.42555
1.07242
-0.242896
1.60771
1.60576
0.537953
1.39124
0.511605
-0.326809
3.56509
1.14782
2.71648
-1.00321
0.173589
-0.107124
0.705145
-5.31406
-3.57129
-0.233217
1.38952
1.25873
-0.346593
-0.641308
-1.05054
1.30465
1.08958
1.92848
2.06266
1.97546
2.24367
2.10093
2.31156
2.48105
1.58774
2.4453
1.54673
0.551697
3.81516
3.14602
-0.205922
3.23406
-0.957631
2.83952
2.95275
1.89308
1.24689
1.84229
3.29355
3.43767
1.39102
1.59316
1.69247
1.56179
1.75547
1.66262
2.47949
1.91379
1.63484
2.16505
2.73303
2.36419
2.86886
1.23454
2.77566
2.16897
1.97907
2.50112
2.94204
1.66607
2.30272
2.69345
2.15997
0.707669
2.6639
1.64071
1.72949
1.59347
2.15307
1.58664
1.93983
2.95349
2.66436
1.52443
-0.230737
0.112332
1.33196
0.468294
2.63557
1.28428
1.73143
-1.08012
-0.0314582
6.20898
1.04132
1.17726
2.24179
2.32779
1.71563
2.18801
2.83892
2.80332
2.60285
2.86484
0.921004
1.74114
3.41046
4.74596
2.19942
3.32562
2.39037
1.4961
2.04937
2.31046
2.7737
2.42331
2.47095
2.83499
2.84557
3.31161
2.10914
1.98044
2.11514
1.95778
1.95905
0.789061
3.00767
2.3013
3.87178
2.38779
2.44566
3.20882
3.74589
4.23107
4.09414
0.397976
3.66444
2.30895
2.26513
4.34146
14.2144
3.91839
2.83002
1.15821
1.27848
1.5723
1.80275
1.4227
1.9929
1.61972
1.90307
1.91162
1.81436
2.04954
1.76869
2.23528
2.31591
1.60868
1.90371
2.01842
1.52777
2.16431
2.13969
2.8025
3.5921
2.30085
2.25371
2.19212
2.41143
2.15129
1.19135
1.7963
2.2525
2.70667
3.20943
2.40567
2.40335
1.16191
2.35913
2.91722
2.90761
0.0231826
4.39381
2.36487
2.01405
2.09394
4.42485
1.42621
1.55324
2.47572
3.14266
3.67672
2.85868
1.76069
2.29058
1.69872
1.78341
2.1349
0.177994
1.09805
1.95127
2.16801
2.03864
3.21687
1.50337
2.13724
1.56456
3.60639
2.05683
3.42921
3.21857
2.15706
1.16512
1.01722
3.21132
-0.977212
2.21688
3.44545
3.96729
1.90733
1.7902
3.65877
1.15734
2.45092
2.47208
1.77834
3.04723
3.5909
1.92248
2.30799
2.6814
2.56591
2.8547
1.68538
-0.289284
3.28213
1.59935
3.82179
2.44695
3.57983
2.66204
2.09668
2.95841
1.86957
2.86268
3.21229
2.12385
1.18339
0.792915
4.81401
1.71487
1.62725
1.71699
1.59185
1.6222
1.48625
1.82064
1.53003
2.086
1.93327
1.74077
2.04405
1.8705
1.91068
2.47969
1.49181
2.1496
1.74482
1.96043
1.73305
2.32171
1.73534
2.8862
2.85383
2.17448
4.52904
2.24602
2.25218
2.40844
2.00673
2.39714
2.21261
1.43968
2.43688
2.51397
2.50953
2.56052
4.56697
3.68437
0.384136
1.59658
2.33347
1.50796
3.01069
2.55589
1.57844
1.82671
1.49134
2.46916
1.60995
0.0289363
2.7692
1.85359
2.47425
4.29988
1.23074
2.25853
2.49703
2.22802
3.19349
1.59622
0.71561
0.87818
0.860221
2.26493
2.53454
2.59762
1.71876
3.48083
0.80266
1.40696
1.8593
1.37503
-0.517362
2.76186
2.12357
2.26619
1.72082
3.22831
4.99429
1.32013
3.36652
0.983884
2.90626
0.476246
7.60646
3.05266
3.79659
0.641738
0.79456
1.43054
2.43679
1.73256
1.12935
4.27822
1.17954
0.985991
1.991
2.03775
1.40432
1.57404
2.57646
3.99801
1.30282
3.43951
3.28659
2.53048
2.723
3.08655
3.21604
1.3607
4.04446
3.48657
1.45429
1.35917
0.623346
1.52859
1.46533
1.43342
1.72458
2.28879
1.67659
2.10824
2.35702
1.85017
2.13766
2.17271
2.57325
2.35655
2.74523
1.70703
0.778169
1.57958
2.14085
2.34923
2.0836
1.71764
2.63262
0.616421
1.13434
1.39122
1.93732
2.47205
2.58627
3.39216
-0.271869
1.79976
1.19419
1.19713
2.32383
3.51457
2.84114
1.66894
3.12399
1.70971
3.52755
3.34032
2.31834
2.805
-0.0941365
1.85638
1.86269
0.999634
0.851492
-0.129205
-1.59803
2.49239
0.406251
0.199671
-0.917636
0.0277172
1.02013
-6.36742
1.48013
1.60862
1.9483
1.95029
1.93719
2.21757
2.70721
1.85692
0.676084
2.27231
2.6407
1.25202
1.6807
2.0328
2.59912
2.26168
2.41746
2.63032
3.01539
1.30372
0.899693
-0.0327636
2.26744
3.01052
0.436982
0.406472
-6.11522
4.02981
0.147153
0.36505
-0.590184
0.284995
1.58462
1.03922
0.575593
1.35648
0.908614
1.84536
3.47112
2.0733
2.1989
0.754693
1.51549
-0.0626933
1.47745
2.44763
1.98977
0.339979
1.97628
0.592912
-0.56248
0.327768
3.19897
-0.512756
1.36315
1.69275
-1.58161
-0.73501
0.489157
-2.8128
-3.9643
1.71845
-1.73149
1.62419
-0.76747
1.04217
1.10046
0.54121
0.469958
1.85898
1.25389
0.263551
1.8854
0.268018
1.08381
-0.797623
-1.85385
1.31562
2.30546
2.09334
1.66208
-1.96493
-0.310779
2.409
2.49809
1.22114
2.50377
2.83894
-0.181244
1.41632
-1.14443
-2.39977
1.3931
1.48151
0.448951
-1.02154
0.600313
0.656883
1.07292
1.22087
0.590362
1.36905
-0.195292
-0.0319912
1.01029
0.822061
2.18194
1.58908
1.59545
0.834225
1.29893
2.03492
1.95178
-0.345348
2.86858
0.395678
0.939702
-0.0174275
0.804553
0.878135
1.04647
0.759435
1.17486
-0.249303
1.11161
1.44745
1.62729
-1.69251
-1.65066
-0.545416
0.234562
-0.487926
1.46437
1.15414
-0.162313
0.115121
0.0754244
0.852576
1.16585
2.05536
-1.28265
1.06514
-1.56989
-1.47895
1.36866
-0.290816
-0.162552
0.100013
-0.368645
-0.896993
-0.553573
1.83851
1.37726
3.07192
2.391
0.153551
1.69747
-0.632246
1.52759
1.16248
5.84778
2.82793
1.85025
1.42267
1.60748
1.59752
1.55986
1.86397
3.4342
1.81698
2.04895
1.94197
2.62283
2.75113
1.64368
1.82842
2.24331
1.73874
2.08154
3.36884
2.19088
1.43174
1.18442
2.95517
1.33794
1.53666
-2.33843
2.23463
-0.496323
1.42625
1.2333
-0.632384
-0.0544307
1.14874
1.60559
3.06519
1.9532
2.37229
2.55036
2.5975
3.72424
2.62299
3.0918
1.92967
2.43019
2.93043
2.92129
2.67747
4.4435
4.78902
4.06435
2.78419
2.93987
2.89964
5.10925
2.87877
1.70671
3.80227
4.79567
2.7326
1.25325
3.12157
1.42001
1.82539
2.05631
1.89707
2.08588
1.81791
2.02738
2.37098
3.21045
2.99708
2.07544
2.65859
2.05115
3.2784
2.89638
2.53503
2.79262
1.52274
3.95641
2.68337
1.73884
1.74395
1.88683
2.22016
2.9367
2.34199
1.99691
2.94369
2.66738
-5.14701
1.17912
1.3951
2.32488
-0.1886
1.20828
1.28096
2.7607
3.37912
1.75011
3.53748
1.36072
3.58203
1.88065
2.24927
1.75159
1.80713
2.14581
2.09693
2.21974
2.24079
1.5551
2.63629
2.99341
1.70845
3.25729
3.20062
2.17857
3.17885
1.57104
3.34248
2.43043
2.33869
4.61338
1.96561
3.43935
1.67072
1.14087
1.40779
3.0527
1.44909
1.76624
3.08489
0.71645
1.66261
2.3225
2.39263
4.1989
2.98207
1.35163
1.21828
2.97225
2.94462
2.38605
2.73102
2.39739
2.71593
2.05375
1.75464
3.21704
1.11278
4.14225
3.74781
3.5637
4.55882
2.71437
1.58221
1.63481
0.897336
1.679
1.99416
2.19072
2.06605
3.0263
1.54937
3.15428
2.43295
1.66563
1.67413
2.21201
1.36034
2.33983
1.74355
0.642311
2.00742
2.18987
2.33096
1.60682
-0.900027
0.568129
1.9105
2.76979
0.704929
-3.86441
3.28446
1.64265
0.714039
1.78535
1.61273
2.02584
2.24333
2.16337
3.23285
2.27428
2.04557
1.77691
2.17321
1.29516
1.10512
1.9443
0.820814
2.92717
1.95508
2.22789
2.25268
2.18468
1.65348
2.04959
0.836334
1.82937
1.82831
2.31791
2.36838
3.437
2.93074
