0.057415
0.725286
0.910584
1.8766
0.78709
1.96062
-1.62616
12.1361
-1.56669
-1.83205
-1.93626
0.971838
0.777877
1.95855
2.59957
15.1044
20.3838
2.61875
18.3541
-2.80649
-1.30097
-1.13783
-1.83635
6.42155
-1.28422
-0.404989
-2.76577
-2.18685
-3.20991
6.10678
-0.653522
4.52848
-0.86299
9.2924
1.55592
4.59679
2.94692
2.42567
2.91801
0.23718
-2.52081
-0.212292
1.91494
-1.52441
-0.64367
-2.1442
-2.02084
-2.15314
0.947893
11.8364
1.36654
9.00004
-0.738429
-3.27589
-1.86855
16.2404
-0.346305
-1.81371
3.15698
-1.29293
6.32305
1.91387
10.2715
-2.23674
-1.67676
-0.343771
-0.489071
1.05008
-2.16906
13.263
6.20639
11.1205
-1.65454
-1.78948
0.219134
-1.49636
0.681332
3.10428
3.44167
4.49591
0.442045
2.65029
3.24467
17.4991
-0.7054
5.74265
9.62935
1.65174
-1.21358
8.80526
3.6965
11.853
-1.07875
-1.45164
-0.996137
-1.23019
5.4405
1.89183
-1.15561
3.93309
4.07227
8.38577
6.1084
-1.3755
4.12384
4.18672
4.68448
1.5601
3.73515
6.86367
4.49792
6.06211
5.90163
3.42365
4.88333
2.93537
-2.23119
-1.39301
0.110677
-2.09891
-2.23693
-2.33305
-2.03481
1.2624
-2.37765
-0.898588
4.39977
2.52463
2.33711
3.80262
1.13963
-2.05699
-0.31102
-1.64666
-2.66858
-1.2623
4.8649
1.50417
3.41272
-0.895462
-0.128123
2.14533
-3.19931
-0.382575
1.58175
0.376376
12.057
13.9076
1.87949
2.67727
2.58138
1.34209
3.06279
1.56964
-0.207559
-0.748566
1.43279
-0.491393
0.646036
-1.30013
0.0148813
3.24675
-0.794802
3.60943
3.42206
4.30317
6.14416
4.89822
6.75544
6.22444
5.41454
0.326151
6.02072
-1.76035
-2.38988
-2.27024
-1.50507
3.57434
-0.739424
1.24551
-1.82879
-1.67732
-1.98644
1.19006
-2.12796
-1.68376
12.2802
2.09565
0.727485
-1.35194
-2.06913
-2.4678
-2.34916
2.90527
3.65882
2.02877
-0.0536565
-2.48094
-1.4798
2.15554
-0.624626
-1.02986
-0.632662
-1.12687
10.0007
16.7264
1.85986
1.1016
0.968981
-1.59723
-1.21305
2.1183
0.990972
3.39054
-1.61647
-2.09621
0.668461
1.67274
-0.19673
0.22047
-0.349748
-2.70798
-0.709046
-2.25195
-2.36735
-2.24943
8.11734
4.84772
-1.96717
-2.25077
-0.415444
-2.08307
-1.02232
-2.37221
8.69023
4.2419
9.80774
-0.923688
-2.13804
2.89169
6.10973
-1.24642
-2.17295
-2.08968
-1.66783
-2.05974
-2.36787
-1.79084
6.22744
0.44607
0.140339
-2.44155
-2.27426
3.676
4.777
-0.751
5.72979
-0.201346
5.49083
6.34299
4.78214
3.22262
11.4648
10.2996
1.47929
-2.00479
-2.14071
4.81802
4.72026
3.81214
-1.09365
-1.84334
-2.60545
-1.93417
-2.42736
-1.98535
-1.66709
-2.61477
-2.93112
-0.168001
-1.66077
-2.54594
3.63598
-3.17896
-1.15
5.63963
-0.295332
5.86714
-0.335842
-1.15556
0.147761
5.00201
4.24539
3.35184
4.67422
-2.19494
-2.10554
-2.36362
-1.7896
-2.22648
-2.29719
-3.03613
-1.94352
-1.90529
-2.67612
-3.07362
-1.60101
-1.83691
-2.02178
-3.94636
-1.54662
-2.13641
-1.0078
-2.65733
-2.36152
-2.19688
-2.27433
-1.21774
2.27351
-2.37939
-1.38723
0.0566655
1.86494
-0.253639
2.76757
-0.245788
1.23416
-0.351969
2.67094
4.69007
7.42462
1.99397
2.34183
1.85317
4.78251
3.91366
9.99
8.83434
-2.85359
-1.35915
-1.92278
-2.94343
-2.31433
-2.12287
-2.76966
-3.0386
-3.62926
-2.50939
-4.22302
-0.247362
-0.970751
-1.19337
-5.7482
2.33856
-3.01522
-2.09307
-1.68107
-0.908389
0.0567647
-1.57512
-1.42879
-2.44596
-2.79312
-1.50445
-3.33459
0.66801
-0.573466
-1.52518
2.29871
1.65429
3.10423
-0.398832
1.15926
-3.1958
-0.429388
-0.358922
-0.70225
0.0730877
-0.569668
0.426447
4.16162
1.266
2.55925
3.88285
-1.78738
-11.7853
0.220665
2.12645
-1.96837
-1.85521
-1.88851
-2.68048
-2.49345
-2.54803
-2.1686
-2.44808
-2.63483
-2.62258
-2.59188
-2.0741
-2.5817
-2.34254
-2.77094
-1.51999
-1.80658
-1.7952
-1.56873
-1.0729
-2.19601
-1.41593
-2.55496
-1.74323
-2.12671
-2.29588
-2.00401
-2.6251
-1.11512
-2.19633
-1.57307
-3.10082
-0.957462
-0.569619
1.18941
-0.777245
-1.19
-0.688299
3.01954
-2.75719
-0.587032
-2.45689
2.18846
-4.08127
1.50837
1.20553
0.840418
-0.895364
-1.33017
-1.28172
0.084299
-0.140982
-0.504219
0.607578
0.125885
4.49737
2.72875
0.61307
-1.12406
-0.0840657
-1.876
0.794395
2.10447
3.43298
-2.16406
2.11039
0.29754
-1.35856
3.22064
4.86982
1.48348
1.82422
4.75762
-0.14486
1.67165
-1.27333
5.35293
3.27456
2.01249
-1.59909
-2.94248
-2.89948
-1.2828
-2.11152
-3.89878
-3.42622
-3.82101
-1.88769
-3.30733
-1.71911
0.0925787
5.75801
-2.26862
2.21437
-1.72099
2.42088
-3.87169
2.3058
0.546335
-0.195415
-0.407119
-0.0240636
1.88619
1.18864
3.92515
6.05343
-1.45383
6.62603
-1.97734
-2.05173
-2.35007
-2.08728
-2.26941
-2.35233
-1.52802
-2.69901
-1.63919
-0.673416
-2.49254
-1.101
-0.332334
-2.0678
-1.46719
-1.34207
-1.66472
-1.88357
-0.700461
-0.597002
0.784142
-1.61402
-1.77138
-1.34672
-2.47449
0.74163
-0.782316
-1.47121
-1.57271
1.16761
-1.60122
-1.41696
-0.237346
0.288598
-1.13073
0.165632
-3.70222
-2.00709
1.96131
0.757505
0.887753
1.52284
0.349979
-2.841
1.03954
-0.350684
1.69293
0.661738
3.01147
4.95688
-1.16246
1.76973
0.512729
-1.92311
3.96135
0.268772
0.565319
0.997742
0.955084
1.82529
4.46242
5.24119
5.00456
2.06963
1.1723
0.279891
1.71676
1.73933
3.86595
3.19145
3.64033
3.45568
4.67033
2.52385
1.21305
1.50695
3.25984
1.35616
-3.56086
4.36444
3.29165
4.92966
2.8542
5.65068
-6.35217
0.503884
6.14678
-1.65754
-0.103847
-0.962171
-3.68426
-1.2708
-0.049297
-4.17842
-0.113609
0.878368
0.0193366
1.39611
-0.436099
0.811462
-3.02485
-5.4829
1.59208
-0.914239
-1.61053
2.62871
-0.381698
0.278579
-1.77009
3.19394
-3.04964
-1.89345
2.85312
3.48148
7.38592
-2.02835
-2.12554
-1.83967
-1.63249
-2.04551
-0.733839
-0.0350445
-2.82196
-1.51667
-1.58557
-1.94594
-1.11533
-0.815468
-1.41663
0.110495
2.48394
0.429781
-1.12586
-1.92012
-0.163179
0.137809
2.06907
1.8558
2.77462
2.79832
-0.470421
-0.643819
0.11905
-1.77521
4.07937
-0.877908
1.32366
0.0260933
0.823421
-2.00458
0.949575
2.77443
-2.34834
1.73504
-0.190955
1.00909
2.20579
0.279216
5.20752
1.2759
1.31537
3.32733
2.66409
5.9317
7.09697
2.6144
7.47813
5.47859
12.4083
6.09823
4.80501
16.7849
-1.91916
-1.90182
-2.93729
-2.54328
-3.28382
-2.56947
-3.85918
-1.73488
-1.39988
-1.0576
-1.09023
3.07549
-2.06985
0.331443
-3.1216
-2.91311
-2.42737
-1.60272
-1.88283
1.65981
3.10383
4.1103
-0.875694
-1.12653
5.00747
6.40098
15.1656
-0.710099
6.66792
2.32564
3.42939
0.358173
0.488211
-1.1965
0.511103
-1.3971
-1.72729
-2.35544
-2.08891
-0.749048
0.249963
2.22438
0.527526
5.60721
-0.886211
-2.67153
-1.28642
6.83247
-2.44553
-1.45542
5.52776
2.93749
-1.29545
4.13639
-0.692062
-1.98429
11.1517
6.65166
0.873093
5.46442
13.3704
-0.0764973
8.58153
-2.13601
4.09278
0.0600687
-0.0692269
-0.941965
0.926833
1.28302
-1.90785
0.637397
-2.25681
1.74455
-1.89946
7.10702
8.44894
-0.121491
-0.558234
-1.8809
1.95855
9.85361
2.44396
-2.57446
-1.83047
-0.920433
-0.688464
-1.6371
7.33379
0.0128553
6.39295
6.17823
0.758831
0.255853
4.69656
10.3703
3.54054
2.29433
-1.26239
-1.78788
0.329407
-1.58553
4.36823
5.8231
-2.33791
-2.26614
-0.15325
0.277215
-2.075
0.154653
-1.33763
0.138453
0.0983875
4.38797
0.883556
0.996541
3.33246
4.58874
3.2163
-1.78354
-1.90437
3.10209
-1.95527
2.0037
-1.34289
-0.00836618
-0.0300844
14.4784
7.99789
7.87605
4.80962
1.55009
-1.94949
-1.74625
4.05545
2.18956
4.9294
-1.91087
2.19539
-0.265711
6.86472
-0.805227
8.95405
7.7251
-1.90481
3.90007
2.27613
1.49964
3.63876
4.42292
4.14298
-2.36251
0.211655
-3.7131
-0.913104
0.804252
-0.609231
6.36159
5.35424
5.03454
-0.896356
3.68865
-2.49334
-2.27617
-2.21976
-2.14543
-2.03459
-1.80047
-3.86822
-2.05316
-2.79031
-3.04694
-2.43502
-2.93079
-1.2184
-1.07449
-1.66323
-0.508597
-1.93232
-4.26555
0.634335
1.4331
0.107228
-0.244065
1.77377
1.87767
11.8518
1.46045
7.69134
5.08631
2.72651
11.5284
10.391
-1.61192
-2.46793
3.41439
-2.58292
-3.33477
-3.42564
-2.86927
-4.46399
-1.59979
-2.68324
-1.61431
-2.34826
-0.512307
-2.37712
-0.227102
-3.16738
-4.61736
-1.68669
-2.23149
0.104998
-0.653235
-6.25004
1.00095
-2.50019
-2.50823
-1.76448
1.52567
5.82807
2.22193
-2.11504
-2.24703
-2.30738
-2.3684
-2.68954
-1.96849
-1.8755
-2.49262
-3.74418
-1.79118
-0.398165
-1.88381
-0.131159
-1.98473
-1.64228
-0.0418737
-0.415035
0.084764
-3.0517
-2.40113
0.520577
-0.693669
0.911162
-0.108883
-0.642117
-0.437351
1.7375
1.46924
0.76401
9.86492
3.00672
2.28412
1.12799
7.14714
5.51427
3.4761
-3.45929
-3.09145
0.80277
-1.33406
3.32148
-1.98353
-2.02675
-2.14192
-1.77738
-1.90187
-1.99716
-2.29402
-1.2738
-2.30232
0.240006
-1.57084
-1.60483
2.45421
-1.41994
-3.00255
-2.54701
-1.72546
1.04478
0.501742
-0.506945
0.745369
-1.7755
-0.110857
-0.835316
1.9073
-1.27074
2.72806
1.23018
3.21829
3.18331
1.35181
2.26454
2.19041
1.82397
1.05398
-0.424526
-0.665565
3.27009
6.41576
3.85077
2.71671
4.13917
3.88592
-3.10954
-2.63012
-2.28724
4.01098
-2.23332
4.0459
-3.1963
-4.77247
-3.01519
-3.76345
-0.145492
3.5964
-2.18618
-1.53203
-0.94659
-0.333647
-0.385781
-0.368754
-1.63042
0.420859
-0.0188422
0.111105
0.454693
0.847176
-0.176378
4.12033
0.465346
0.1381
4.10807
0.215328
1.50401
1.7001
2.1552
7.34475
4.80257
2.58809
0.666909
6.56885
16.4127
1.30864
4.58197
5.33943
-2.4783
-2.54681
-3.26415
-2.76941
-2.57982
-4.14123
-1.48025
-1.79707
-1.95118
-1.83719
0.405818
1.72414
0.417729
-2.24218
-3.1759
-2.28025
-2.72272
-1.42427
-2.32201
-1.96429
-2.16201
2.14297
-0.682522
0.167766
-0.55795
0.877131
-1.8726
2.77371
